1757568055467 0.023659950122237206 0
1757568055505 0.023659950122237206 0
1757568056027 0.023637622594833374 1
1757568056068 0.023637622594833374 1
1757568056567 0.02360774204134941 2
1757568056606 0.02360774204134941 2
1757568057111 0.023625386878848076 3
1757568057153 0.023625386878848076 3
1757568057628 0.023559976369142532 4
1757568057670 0.023559976369142532 4
1757568058150 0.02356106974184513 5
1757568058191 0.02356106974184513 5
1757568058690 0.02353019081056118 6
1757568058734 0.02353019081056118 6
1757568059217 0.023555980995297432 7
1757568059259 0.023555980995297432 7
1757568059735 0.02354428358376026 8
1757568059780 0.02354428358376026 8
1757568060262 0.023504018783569336 9
1757568060307 0.023504018783569336 9
1757568060806 0.023487575352191925 10
1757568060853 0.023487575352191925 10
1757568061371 0.023491503670811653 11
1757568061416 0.023491503670811653 11
1757568061885 0.023457396775484085 12
1757568061932 0.023457396775484085 12
1757568062415 0.023437507450580597 13
1757568062467 0.023437507450580597 13
1757568062952 0.023428961634635925 14
1757568062989 0.023428961634635925 14
1757568063477 0.023397620767354965 15
1757568063509 0.023397620767354965 15
1757568063998 0.023382024839520454 16
1757568064029 0.023382024839520454 16
1757568064522 0.023386279121041298 17
1757568064569 0.023386279121041298 17
1757568065058 0.023370813578367233 18
1757568065104 0.023370813578367233 18
1757568065605 0.02332915924489498 19
1757568065652 0.02332915924489498 19
1757568066159 0.02336357906460762 20
1757568066204 0.02336357906460762 20
1757568066708 0.023315371945500374 21
1757568066755 0.023315371945500374 21
1757568067293 0.023315666243433952 22
1757568067338 0.023315666243433952 22
1757568067847 0.023304762318730354 23
1757568067901 0.023304762318730354 23
1757568068410 0.02324962429702282 24
1757568068450 0.02324962429702282 24
1757568068920 0.023272771388292313 25
1757568068973 0.023272771388292313 25
1757568069464 0.023251157253980637 26
1757568069503 0.023251157253980637 26
1757568069990 0.023230144754052162 27
1757568070033 0.023230144754052162 27
1757568070517 0.023187050595879555 28
1757568070560 0.023187050595879555 28
1757568071044 0.023188110440969467 29
1757568071089 0.023188110440969467 29
1757568071578 0.02318277209997177 30
1757568071617 0.02318277209997177 30
1757568072105 0.023186663165688515 31
1757568072151 0.023186663165688515 31
1757568072631 0.023181123659014702 32
1757568072673 0.023181123659014702 32
1757568073163 0.02313131093978882 33
1757568073208 0.02313131093978882 33
1757568073693 0.02312162145972252 34
1757568073737 0.02312162145972252 34
1757568074224 0.023097123950719833 35
1757568074266 0.023097123950719833 35
1757568074774 0.023104144260287285 36
1757568074822 0.023104144260287285 36
1757568075302 0.02304692193865776 37
1757568075347 0.02304692193865776 37
1757568075836 0.023062825202941895 38
1757568075883 0.023062825202941895 38
1757568076369 0.023042261600494385 39
1757568076412 0.023042261600494385 39
1757568076896 0.023047225549817085 40
1757568076947 0.023047225549817085 40
1757568077432 0.022993389517068863 41
1757568077470 0.022993389517068863 41
1757568077959 0.023027516901493073 42
1757568078006 0.023027516901493073 42
1757568078498 0.023001229390501976 43
1757568078542 0.023001229390501976 43
1757568079030 0.02300230786204338 44
1757568079074 0.02300230786204338 44
1757568079560 0.022980013862252235 45
1757568079613 0.022980013862252235 45
1757568080086 0.02297487109899521 46
1757568080133 0.02297487109899521 46
1757568080622 0.02290462702512741 47
1757568080669 0.02290462702512741 47
1757568081166 0.02293197065591812 48
1757568081204 0.02293197065591812 48
1757568081691 0.022913876920938492 49
1757568081735 0.022913876920938492 49
1757568055467 0.023659950122237206 0
1757568055505 0.023659950122237206 0
