1757568055467 0.9692000150680542 0
1757568055505 0.9692000150680542 0
1757568056027 0.9692833423614502 1
1757568056068 0.9692833423614502 1
1757568056567 0.9698333144187927 2
1757568056606 0.9698333144187927 2
1757568057111 0.9695833325386047 3
1757568057153 0.9695833325386047 3
1757568057628 0.9695666432380676 4
1757568057670 0.9695666432380676 4
1757568058150 0.9695333242416382 5
1757568058191 0.9695333242416382 5
1757568058690 0.9697833061218262 6
1757568058734 0.9697833061218262 6
1757568059217 0.9695166945457458 7
1757568059259 0.9695166945457458 7
1757568059735 0.9698666930198669 8
1757568059780 0.9698666930198669 8
1757568060262 0.9696999788284302 9
1757568060307 0.9696999788284302 9
1757568060806 0.9697833061218262 10
1757568060853 0.9697833061218262 10
1757568061371 0.9696000218391418 11
1757568061416 0.9696000218391418 11
1757568061885 0.9702000021934509 12
1757568061932 0.9702000021934509 12
1757568062415 0.9699666500091553 13
1757568062467 0.9699666500091553 13
1757568062952 0.9698833227157593 14
1757568062989 0.9698833227157593 14
1757568063477 0.9700000286102295 15
1757568063509 0.9700000286102295 15
1757568063998 0.9699833393096924 16
1757568064029 0.9699833393096924 16
1757568064522 0.970300018787384 17
1757568064569 0.970300018787384 17
1757568065058 0.9701833128929138 18
1757568065104 0.9701833128929138 18
1757568065605 0.9700666666030884 19
1757568065652 0.9700666666030884 19
1757568066159 0.9696666598320007 20
1757568066204 0.9696666598320007 20
1757568066708 0.9702833294868469 21
1757568066755 0.9702833294868469 21
1757568067293 0.9701499938964844 22
1757568067338 0.9701499938964844 22
1757568067847 0.97038334608078 23
1757568067901 0.97038334608078 23
1757568068410 0.9700833559036255 24
1757568068450 0.9700833559036255 24
1757568068920 0.9704333543777466 25
1757568068973 0.9704333543777466 25
1757568069464 0.9702500104904175 26
1757568069503 0.9702500104904175 26
1757568069990 0.9699833393096924 27
1757568070033 0.9699833393096924 27
1757568070517 0.9707333445549011 28
1757568070560 0.9707333445549011 28
1757568071044 0.9702000021934509 29
1757568071089 0.9702000021934509 29
1757568071578 0.9702333211898804 30
1757568071617 0.9702333211898804 30
1757568072105 0.9704999923706055 31
1757568072151 0.9704999923706055 31
1757568072631 0.9703166484832764 32
1757568072673 0.9703166484832764 32
1757568073163 0.97038334608078 33
1757568073208 0.97038334608078 33
1757568073693 0.9705666899681091 34
1757568073737 0.9705666899681091 34
1757568074224 0.9709333181381226 35
1757568074266 0.9709333181381226 35
1757568074774 0.9704999923706055 36
1757568074822 0.9704999923706055 36
1757568075302 0.9704333543777466 37
1757568075347 0.9704333543777466 37
1757568075836 0.9702333211898804 38
1757568075883 0.9702333211898804 38
1757568076369 0.9709500074386597 39
1757568076412 0.9709500074386597 39
1757568076896 0.9708166718482971 40
1757568076947 0.9708166718482971 40
1757568077432 0.9706500172615051 41
1757568077470 0.9706500172615051 41
1757568077959 0.9709166884422302 42
1757568078006 0.9709166884422302 42
1757568078498 0.9707000255584717 43
1757568078542 0.9707000255584717 43
1757568079030 0.9704333543777466 44
1757568079074 0.9704333543777466 44
1757568079560 0.97079998254776 45
1757568079613 0.97079998254776 45
1757568080086 0.9710000157356262 46
1757568080133 0.9710000157356262 46
1757568080622 0.9708333611488342 47
1757568080669 0.9708333611488342 47
1757568081166 0.970966637134552 48
1757568081204 0.970966637134552 48
1757568081691 0.9706500172615051 49
1757568081735 0.9706500172615051 49
1757568055467 0.9692000150680542 0
1757568055505 0.9692000150680542 0
