1757819497544 0.9652000069618225 0
1757819498006 0.9649166464805603 1
1757819498436 0.9646666646003723 2
1757819498873 0.9650999903678894 3
1757819499301 0.9652166962623596 4
1757819499739 0.965399980545044 5
1757819500173 0.965499997138977 6
1757819500604 0.9655333161354065 7
1757819501012 0.9650999903678894 8
1757819501425 0.9663000106811523 9
1757819501837 0.9657166600227356 10
1757819502257 0.9658499956130981 11
1757819502670 0.9663500189781189 12
1757819503090 0.9660666584968567 13
1757819503514 0.9656000137329102 14
1757819503925 0.9663166403770447 15
1757819504341 0.9668166637420654 16
1757819504752 0.9664666652679443 17
1757819505173 0.9661499857902527 18
1757819505579 0.9667166471481323 19
1757819505998 0.9663833379745483 20
1757819506405 0.9664833545684814 21
1757819506809 0.9666833281517029 22
1757819507214 0.9667333364486694 23
1757819507618 0.9672499895095825 24
1757819508027 0.9675333499908447 25
1757819508434 0.9670833349227905 26
1757819508843 0.9669333100318909 27
1757819509251 0.9674666523933411 28
1757819509656 0.9672666788101196 29
1757819510069 0.96711665391922 30
1757819510480 0.966783344745636 31
1757819510891 0.9676833152770996 32
1757819511301 0.9674666523933411 33
1757819511713 0.9670833349227905 34
1757819512128 0.9676666855812073 35
1757819512529 0.9674500226974487 36
1757819512939 0.9674166440963745 37
1757819513342 0.9673333168029785 38
1757819513744 0.9680333137512207 39
1757819514155 0.9680500030517578 40
1757819514582 0.9678166508674622 41
1757819515002 0.968416690826416 42
1757819515423 0.9689000248908997 43
1757819515833 0.9683833122253418 44
1757819516238 0.9689499735832214 45
1757819516648 0.9680666923522949 46
1757819517086 0.9684333205223083 47
1757819517495 0.9678000211715698 48
1757819517906 0.9686499834060669 49
1757819497544 0.9652000069618225 0
