1757819497544 0.026594087481498718 0
1757819498006 0.026786943897604942 1
1757819498436 0.026572754606604576 2
1757819498873 0.02647840790450573 3
1757819499301 0.02641015499830246 4
1757819499739 0.0263485349714756 5
1757819500173 0.02624877355992794 6
1757819500604 0.02629612386226654 7
1757819501012 0.02628420665860176 8
1757819501425 0.02606390230357647 9
1757819501837 0.02632569707930088 10
1757819502257 0.026293618604540825 11
1757819502670 0.02582477405667305 12
1757819503090 0.026024848222732544 13
1757819503514 0.026079507544636726 14
1757819503925 0.02607642486691475 15
1757819504341 0.025827905163168907 16
1757819504752 0.02585521712899208 17
1757819505173 0.02600378543138504 18
1757819505579 0.025915490463376045 19
1757819505998 0.02574259229004383 20
1757819506405 0.0256563238799572 21
1757819506809 0.025776570662856102 22
1757819507214 0.02554961107671261 23
1757819507618 0.02551981806755066 24
1757819508027 0.025446493178606033 25
1757819508434 0.02538309618830681 26
1757819508843 0.025450898334383965 27
1757819509251 0.025366483256220818 28
1757819509656 0.025396354496479034 29
1757819510069 0.025431841611862183 30
1757819510480 0.025493033230304718 31
1757819510891 0.025254026055336 32
1757819511301 0.02512952871620655 33
1757819511713 0.02531469613313675 34
1757819512128 0.02509138733148575 35
1757819512529 0.025257296860218048 36
1757819512939 0.0251800324767828 37
1757819513342 0.025177689269185066 38
1757819513744 0.02503008395433426 39
1757819514155 0.024983452633023262 40
1757819514582 0.024947362020611763 41
1757819515002 0.0247920211404562 42
1757819515423 0.02462974563241005 43
1757819515833 0.02486570179462433 44
1757819516238 0.02454587072134018 45
1757819516648 0.024801798164844513 46
1757819517086 0.024871833622455597 47
1757819517495 0.02461853064596653 48
1757819517906 0.024643030017614365 49
1757819497544 0.026594087481498718 0
