1757569099209 0.024636195972561836 0
1757569099684 0.024538470432162285 1
1757569100176 0.024497928097844124 2
1757569100617 0.024528400972485542 3
1757569101055 0.02441486530005932 4
1757569101494 0.02443186193704605 5
1757569101924 0.024373438209295273 6
1757569102349 0.02441420406103134 7
1757569102803 0.02442014403641224 8
1757569103236 0.024266578257083893 9
1757569103664 0.024299949407577515 10
1757569104088 0.024081889539957047 11
1757569104522 0.024037523195147514 12
1757569104958 0.024149090051651 13
1757569105408 0.024211499840021133 14
1757569105836 0.024021172896027565 15
1757569106263 0.023897044360637665 16
1757569106704 0.023921504616737366 17
1757569107172 0.02397165261209011 18
1757569107631 0.02370728738605976 19
1757569108058 0.024046579375863075 20
1757569108500 0.02382420003414154 21
1757569108925 0.02388155646622181 22
1757569109354 0.023658081889152527 23
1757569109811 0.023713674396276474 24
1757569110262 0.02377229556441307 25
1757569110680 0.02352639101445675 26
1757569111122 0.02346350997686386 27
1757569111571 0.023527024313807487 28
1757569112019 0.023280732333660126 29
1757569112467 0.02314664050936699 30
1757569112924 0.023197216913104057 31
1757569113386 0.023083725944161415 32
1757569113834 0.02315319888293743 33
1757569114262 0.023180942982435226 34
1757569114698 0.023278143256902695 35
1757569115129 0.02298930659890175 36
1757569115558 0.023386118933558464 37
1757569116011 0.022983262315392494 38
1757569116464 0.023127224296331406 39
1757569116923 0.02276807650923729 40
1757569117356 0.0229321476072073 41
1757569117814 0.022898219525814056 42
1757569118243 0.022942719981074333 43
1757569118676 0.023237138986587524 44
1757569119125 0.02279740199446678 45
1757569119579 0.02262798137962818 46
1757569120042 0.02258305437862873 47
1757569120493 0.02291221357882023 48
1757569120929 0.022621504962444305 49
1757569099209 0.024636195972561836 0
1757569099209 0.024636195972561836 0
1757569099209 0.024636195972561836 0
