1757818769245 0.9574666619300842 0
1757818769684 0.9575999975204468 1
1757818770116 0.9584166407585144 2
1757818770551 0.9577333331108093 3
1757818770978 0.9584333300590515 4
1757818771381 0.9583166837692261 5
1757818771792 0.9584833383560181 6
1757818772190 0.9588333368301392 7
1757818772603 0.9588500261306763 8
1757818773010 0.9597499966621399 9
1757818773419 0.9599166512489319 10
1757818773835 0.9601666927337646 11
1757818774247 0.959933340549469 12
1757818774651 0.9604499936103821 13
1757818775059 0.9606000185012817 14
1757818775472 0.9604833126068115 15
1757818775887 0.9611666798591614 16
1757818776292 0.9616333246231079 17
1757818776712 0.9609500169754028 18
1757818777120 0.9610499739646912 19
1757818777536 0.9614499807357788 20
1757818777992 0.9619500041007996 21
1757818778395 0.9618833065032959 22
1757818778807 0.9621999859809875 23
1757818779226 0.9622166752815247 24
1757818779646 0.9618666768074036 25
1757818780063 0.9625999927520752 26
1757818780491 0.9623000025749207 27
1757818780900 0.9623500108718872 28
1757818781318 0.9621999859809875 29
1757818781729 0.9632499814033508 30
1757818782144 0.962233304977417 31
1757818782564 0.9632666707038879 32
1757818782971 0.9638333320617676 33
1757818783381 0.9631166458129883 34
1757818783793 0.9641000032424927 35
1757818784213 0.9632999897003174 36
1757818784629 0.9635499715805054 37
1757818785049 0.9636499881744385 38
1757818785465 0.9642833471298218 39
1757818785874 0.963616669178009 40
1757818786297 0.9648000001907349 41
1757818786714 0.9643833041191101 42
1757818787125 0.9652500152587891 43
1757818787551 0.9646000266075134 44
1757818787997 0.9641833305358887 45
1757818788410 0.9641166925430298 46
1757818788850 0.9644666910171509 47
1757818789262 0.9645000100135803 48
1757818789671 0.9643999934196472 49
1757818769245 0.9574666619300842 0
1757818769245 0.9574666619300842 0
1757818769245 0.9574666619300842 0
