1757818769245 0.030836958438158035 0
1757818769684 0.030832134187221527 1
1757818770116 0.030376728624105453 2
1757818770551 0.03059302642941475 3
1757818770978 0.030233580619096756 4
1757818771381 0.03018137440085411 5
1757818771792 0.02981692925095558 6
1757818772190 0.029912849888205528 7
1757818772603 0.029570328071713448 8
1757818773010 0.02958805486559868 9
1757818773419 0.02951398678123951 10
1757818773835 0.02921239845454693 11
1757818774247 0.029570719227194786 12
1757818774651 0.029219824820756912 13
1757818775059 0.029158642515540123 14
1757818775472 0.029049880802631378 15
1757818775887 0.028852107003331184 16
1757818776292 0.0285866167396307 17
1757818776712 0.028622344136238098 18
1757818777120 0.028772180899977684 19
1757818777536 0.028897784650325775 20
1757818777992 0.028459932655096054 21
1757818778395 0.028486445546150208 22
1757818778807 0.028386957943439484 23
1757818779226 0.02825317531824112 24
1757818779646 0.028158152475953102 25
1757818780063 0.02787627838551998 26
1757818780491 0.028202272951602936 27
1757818780900 0.028160596266388893 28
1757818781318 0.027935875579714775 29
1757818781729 0.02786203846335411 30
1757818782144 0.028069548308849335 31
1757818782564 0.02771885134279728 32
1757818782971 0.027580035850405693 33
1757818783381 0.027618732303380966 34
1757818783793 0.027191467583179474 35
1757818784213 0.027444373816251755 36
1757818784629 0.027317695319652557 37
1757818785049 0.027502380311489105 38
1757818785465 0.027063339948654175 39
1757818785874 0.027263576164841652 40
1757818786297 0.02710973657667637 41
1757818786714 0.027081679552793503 42
1757818787125 0.026719046756625175 43
1757818787551 0.026819253340363503 44
1757818787997 0.02703334204852581 45
1757818788410 0.027060329914093018 46
1757818788850 0.027006635442376137 47
1757818789262 0.026603149250149727 48
1757818789671 0.02677568979561329 49
1757818769245 0.030836958438158035 0
1757818769245 0.030836958438158035 0
1757818769245 0.030836958438158035 0
