1757819562573 0.9683333039283752 0
1757819563006 0.9687666893005371 1
1757819563422 0.9682999849319458 2
1757819563843 0.9692500233650208 3
1757819564249 0.9692000150680542 4
1757819564652 0.9690333604812622 5
1757819565062 0.9697999954223633 6
1757819565463 0.9694666862487793 7
1757819565863 0.9690999984741211 8
1757819566282 0.968999981880188 9
1757819566689 0.9693833589553833 10
1757819567086 0.9700499773025513 11
1757819567497 0.9696333408355713 12
1757819567904 0.9691833257675171 13
1757819568300 0.9700999855995178 14
1757819568707 0.9694166779518127 15
1757819569104 0.9702666401863098 16
1757819569510 0.9701499938964844 17
1757819569919 0.9692666530609131 18
1757819570328 0.9700499773025513 19
1757819570737 0.9698500037193298 20
1757819571148 0.9697499871253967 21
1757819571564 0.9699333310127258 22
1757819572001 0.9700333476066589 23
1757819572403 0.9697333574295044 24
1757819572813 0.9703166484832764 25
1757819573216 0.970716655254364 26
1757819573620 0.9700333476066589 27
1757819574024 0.9702666401863098 28
1757819574434 0.9705166816711426 29
1757819574849 0.970466673374176 30
1757819575263 0.9707000255584717 31
1757819575672 0.9700166583061218 32
1757819576084 0.970466673374176 33
1757819576484 0.9701499938964844 34
1757819576905 0.9709166884422302 35
1757819577315 0.9707666635513306 36
1757819577722 0.9703500270843506 37
1757819578132 0.9710500240325928 38
1757819578549 0.9713500142097473 39
1757819578981 0.9703999757766724 40
1757819579413 0.9715999960899353 41
1757819579832 0.9714000225067139 42
1757819580257 0.9713666439056396 43
1757819580667 0.9711666703224182 44
1757819581088 0.9717000126838684 45
1757819581506 0.9714833498001099 46
1757819581910 0.9708666801452637 47
1757819582328 0.9701666831970215 48
1757819582754 0.9713666439056396 49
1757819562573 0.9683333039283752 0
1757819562573 0.9683333039283752 0
1757819562573 0.9683333039283752 0
