1757819562573 0.024747567251324654 0
1757819563006 0.024609941989183426 1
1757819563422 0.024684805423021317 2
1757819563843 0.024429403245449066 3
1757819564249 0.02431296557188034 4
1757819564652 0.024426380172371864 5
1757819565062 0.02425505220890045 6
1757819565463 0.024268927052617073 7
1757819565863 0.024472739547491074 8
1757819566282 0.02417069859802723 9
1757819566689 0.024197107180953026 10
1757819567086 0.024079326540231705 11
1757819567497 0.02412516064941883 12
1757819567904 0.024114729836583138 13
1757819568300 0.024037964642047882 14
1757819568707 0.024139121174812317 15
1757819569104 0.02394016459584236 16
1757819569510 0.024098766967654228 17
1757819569919 0.0242338664829731 18
1757819570328 0.02390456013381481 19
1757819570737 0.024000834673643112 20
1757819571148 0.023981411010026932 21
1757819571564 0.023930108174681664 22
1757819572001 0.023739701136946678 23
1757819572403 0.023957734927535057 24
1757819572813 0.023667437955737114 25
1757819573216 0.023806976154446602 26
1757819573620 0.024010848253965378 27
1757819574024 0.023793673142790794 28
1757819574434 0.02372421883046627 29
1757819574849 0.023638037964701653 30
1757819575263 0.023530704900622368 31
1757819575672 0.023717384785413742 32
1757819576084 0.02369973622262478 33
1757819576484 0.02375061810016632 34
1757819576905 0.02344973385334015 35
1757819577315 0.023672983050346375 36
1757819577722 0.02347506396472454 37
1757819578132 0.02351868525147438 38
1757819578549 0.023486468940973282 39
1757819578981 0.02358875796198845 40
1757819579413 0.02339952066540718 41
1757819579832 0.023357832804322243 42
1757819580257 0.023256974294781685 43
1757819580667 0.023304741829633713 44
1757819581088 0.02322474680840969 45
1757819581506 0.023181136697530746 46
1757819581910 0.023466311395168304 47
1757819582328 0.023536140099167824 48
1757819582754 0.023266088217496872 49
1757819562573 0.024747567251324654 0
1757819562573 0.024747567251324654 0
1757819562573 0.024747567251324654 0
