1757567960838 0.9681500196456909 0
1757567961317 0.9683333039283752 1
1757567961797 0.9680333137512207 2
1757567962249 0.9680500030517578 3
1757567962694 0.9683166742324829 4
1757567963129 0.9682499766349792 5
1757567963610 0.9686499834060669 6
1757567964046 0.9682166576385498 7
1757567964492 0.968416690826416 8
1757567964947 0.9684666395187378 9
1757567965386 0.9686166644096375 10
1757567965858 0.9682833552360535 11
1757567966305 0.968583345413208 12
1757567966762 0.968416690826416 13
1757567967222 0.9686166644096375 14
1757567967663 0.9689666628837585 15
1757567968136 0.9685166478157043 16
1757567968604 0.9685333371162415 17
1757567969087 0.968500018119812 18
1757567969550 0.9683166742324829 19
1757567970026 0.9685999751091003 20
1757567970472 0.9684833288192749 21
1757567970903 0.9685500264167786 22
1757567971350 0.9688000082969666 23
1757567971789 0.9686499834060669 24
1757567972232 0.968833327293396 25
1757567972670 0.9691333174705505 26
1757567973108 0.9689666628837585 27
1757567973546 0.9691666960716248 28
1757567973989 0.9692833423614502 29
1757567974424 0.9691500067710876 30
1757567974871 0.9688666462898254 31
1757567975316 0.9690333604812622 32
1757567975752 0.9693333506584167 33
1757567976182 0.9692166447639465 34
1757567976620 0.9694166779518127 35
1757567977058 0.9692833423614502 36
1757567977483 0.9689833521842957 37
1757567977927 0.9687666893005371 38
1757567978367 0.9691500067710876 39
1757567978782 0.9692166447639465 40
1757567979214 0.9692833423614502 41
1757567979650 0.9692500233650208 42
1757567980091 0.9691500067710876 43
1757567980528 0.9693833589553833 44
1757567980968 0.9690999984741211 45
1757567981408 0.9695500135421753 46
1757567981830 0.9692999720573425 47
1757567982282 0.9693333506584167 48
1757567982722 0.9694833159446716 49
1757567960838 0.9681500196456909 0
1757567960838 0.9681500196456909 0
1757567960838 0.9681500196456909 0
