1757567960838 0.024583563208580017 0
1757567961317 0.024575617164373398 1
1757567961797 0.024552466347813606 2
1757567962249 0.024512914940714836 3
1757567962694 0.024512408301234245 4
1757567963129 0.02446853555738926 5
1757567963610 0.02447807788848877 6
1757567964046 0.024430356919765472 7
1757567964492 0.02440289966762066 8
1757567964947 0.02441326156258583 9
1757567965386 0.02438090182840824 10
1757567965858 0.02435801550745964 11
1757567966305 0.024318642914295197 12
1757567966762 0.02431250363588333 13
1757567967222 0.024296822026371956 14
1757567967663 0.024245603010058403 15
1757567968136 0.024270810186862946 16
1757567968604 0.024234337732195854 17
1757567969087 0.02421022206544876 18
1757567969550 0.024202397093176842 19
1757567970026 0.024204708635807037 20
1757567970472 0.0241505429148674 21
1757567970903 0.02414708398282528 22
1757567971350 0.024118691682815552 23
1757567971789 0.024085180833935738 24
1757567972232 0.024054553359746933 25
1757567972670 0.024067813530564308 26
1757567973108 0.024048658087849617 27
1757567973546 0.024001073092222214 28
1757567973989 0.024020422250032425 29
1757567974424 0.02395574189722538 30
1757567974871 0.023963138461112976 31
1757567975316 0.023966196924448013 32
1757567975752 0.02394115924835205 33
1757567976182 0.023920034989714622 34
1757567976620 0.023948747664690018 35
1757567977058 0.02385461889207363 36
1757567977483 0.02390081062912941 37
1757567977927 0.023849761113524437 38
1757567978367 0.023786939680576324 39
1757567978782 0.023796604946255684 40
1757567979214 0.02382282353937626 41
1757567979650 0.023763606324791908 42
1757567980091 0.0237740371376276 43
1757567980528 0.023765744641423225 44
1757567980968 0.023744426667690277 45
1757567981408 0.023738514631986618 46
1757567981830 0.023718181997537613 47
1757567982282 0.023704838007688522 48
1757567982722 0.02365739271044731 49
1757567960838 0.024583563208580017 0
1757567960838 0.024583563208580017 0
1757567960838 0.024583563208580017 0
