1757569099209 0.9660999774932861 0
1757569099684 0.9659500122070312 1
1757569100176 0.9658833146095276 2
1757569100617 0.965833306312561 3
1757569101055 0.9657999873161316 4
1757569101494 0.9660833477973938 5
1757569101924 0.9656500220298767 6
1757569102349 0.9658833146095276 7
1757569102803 0.9659500122070312 8
1757569103236 0.9659333229064941 9
1757569103664 0.9661166667938232 10
1757569104088 0.9661999940872192 11
1757569104522 0.9664999842643738 12
1757569104958 0.9668333530426025 13
1757569105408 0.9661999940872192 14
1757569105836 0.9668999910354614 15
1757569106263 0.9666666388511658 16
1757569106704 0.9668499827384949 17
1757569107172 0.9670500159263611 18
1757569107631 0.9672999978065491 19
1757569108058 0.9666333198547363 20
1757569108500 0.9665499925613403 21
1757569108925 0.9669333100318909 22
1757569109354 0.967199981212616 23
1757569109811 0.9677166938781738 24
1757569110262 0.9671833515167236 25
1757569110680 0.9676333069801331 26
1757569111122 0.9678000211715698 27
1757569111571 0.9670666456222534 28
1757569112019 0.9675999879837036 29
1757569112467 0.9678666591644287 30
1757569112924 0.9680666923522949 31
1757569113386 0.968666672706604 32
1757569113834 0.9679833054542542 33
1757569114262 0.9677333235740662 34
1757569114698 0.9679666757583618 35
1757569115129 0.9679333567619324 36
1757569115558 0.9682166576385498 37
1757569116011 0.9685500264167786 38
1757569116464 0.9675499796867371 39
1757569116923 0.968916654586792 40
1757569117356 0.9687333106994629 41
1757569117814 0.9682499766349792 42
1757569118243 0.9685166478157043 43
1757569118676 0.9683333039283752 44
1757569119125 0.9686999917030334 45
1757569119579 0.9689499735832214 46
1757569120042 0.9691166877746582 47
1757569120493 0.9682000279426575 48
1757569120929 0.968999981880188 49
1757569099209 0.9660999774932861 0
1757569099209 0.9660999774932861 0
1757569099209 0.9660999774932861 0
